  0.46150100   0.11116510  -0.56728180  -0.72742800   0.13813670   0.03091383   0.07169284   0.04870398   0.27175740   0.89642220   1.82759600   0.63732520   0.23881600   0.80525740   1.87393400   0.58193860   0.14439182   1.03105140   1.74511400   0.84522340 
  0.30736800  -0.08090920  -0.29484050  -0.47751750   0.02029693  -0.05654958   0.03754032   0.03981223   0.00208375   0.72453450   1.12332525   0.41567075   0.13870690   0.49115625   0.98102100   0.38376350   0.22987875   0.60896950   0.93736350   0.31039025 
  0.15509708  -0.12774690  -0.02973240   0.17480492  -0.05112636   1.10422420   0.17651200  -0.10034400   0.10358886   1.35217000   1.40460400   0.26711524   0.06796719   1.37324600   1.29129420   0.33209920  -0.08658109   1.41768600   1.26266780   0.62074140 
  0.68634750   0.69300975   0.33387885  -0.09527127   0.01763175   0.12271808   0.06360670   0.00569304   0.22036222   0.99290200   1.99767000   0.68403775   0.23569488   0.82659125   1.94820500   0.73184050   0.10514300   1.01933800   1.95472000   0.68259650 
  0.15845960   0.30225540  -0.28961788   0.02002554   0.15211598   0.78541760   0.62485820  -0.06023990   0.38612560   1.40404200   1.81579200   0.54890240   0.29805820   1.38760200   1.73345400   0.62178700   0.11939018   1.47514400   1.71089800   0.96344520 
  0.42521440   0.49834800  -0.12594480  -0.70734080   0.18580200   0.05539340   0.73058560   0.83782340   0.13991320   0.06313080   0.87934180   1.02069420   0.27414600   0.53893140   1.86121800   0.90020300   0.24986662   0.67371740   2.00862600   0.82857600 
  0.62165520   0.64751520   0.29306259  -0.24834680   0.18259240   0.11651800   0.04819018  -0.03568143   0.15191520   0.35559802   0.15828886  -0.09245768   0.28366280   0.58702000   1.77288220   0.45106560   0.32511280   0.88057720   1.99257400   0.56250780 
  0.54927260   0.03206660  -0.71583540  -0.63688940   0.10502016  -0.07813928  -0.00390438   0.00922116   0.08670026   0.14458878   0.01587600   0.00706458   0.18563080   0.53878020   1.80832600   0.26703140   0.15832546   0.94210380   1.58624800   0.37720120 
  0.56326725   0.09090193  -0.87790525  -0.90112175   0.23075750   0.00553062   0.96834625   1.03852625   0.16401575   0.07065765   0.94763975   1.11585125   0.29021225   0.51858175   1.98387000   0.80596500   0.34736325   0.95306325   1.98306500   1.07038125 
  0.58216500   0.00560150  -0.69933120  -0.76611960  -0.03568763   0.23670072   0.14494048  -0.04875659   0.18194140   0.28489662   0.09462690  -0.03271732   0.18301300   0.62991940   1.90567200   0.40998108   0.25042160   0.95686000   1.66002200   0.55874860 
  0.61778275  -0.00080748  -0.69541700  -0.90063700  -0.20603850   0.13218805   0.27758675  -0.07421752   0.18957625  -0.05218737   0.40338025  -0.03956625   0.24829025   0.39098650   1.85964000   0.46597475   0.29353675   0.94018775   1.63571450   0.54376700 
  0.63835500   0.65017980   0.33650580  -0.17645882   0.11437722  -0.15355912   0.00125674   0.04780874   0.16533760  -0.30348848   0.03128050  -0.05219900   0.16765252  -0.59828720   0.08244996  -0.01438834   0.13227560  -0.72063340   0.22325220  -0.09167316 
  0.39101860   0.43710860  -0.17585216  -0.84109180   0.12208776   0.03284500   0.76117780   1.22139340   0.16508684  -0.18018866   0.81693200   1.17719820   0.13555030  -0.36373292   1.00107760   0.94652800   0.09727470  -0.11017082   1.29434800   0.91436660 
  0.78714080  -0.09772650  -0.86663600  -0.73389360   0.11874596  -0.15339726   0.09586996   0.05669464   0.17816320  -0.20988882   0.07327311  -0.07617782   0.24175260  -0.41891438   0.05745720  -0.05923080   0.31168082  -0.54245440   0.13076918  -0.10020120 
  0.84544500   0.12383248  -0.62870900  -0.83996175  -0.09850982  -0.07463805   0.06511280  -0.00030038   0.17074450  -0.10403155   0.03552063  -0.07098637   0.29932125  -0.23356865  -0.04038743  -0.08207320   0.55229675  -0.33555000   0.07789271  -0.10019850 
  0.68748500   0.61125000   0.24481128  -0.23012521  -0.09916224  -0.10347488  -0.00965118   0.05350104   0.16830580  -0.18104726   0.05181378   0.01579448   0.29803160  -0.33194286  -0.00756914  -0.05121480   0.55589580  -0.47505120   0.12164006  -0.10011320 
  0.71054840   0.51123940   0.34919160  -0.25454430   0.11393868   0.91939780   0.75791800  -0.10019280   0.18067980   0.96088980   0.70468340  -0.08637236   0.09456692   0.91689680   0.38986280  -0.04310988   0.10820552   0.79618600   0.50607380   0.21570106 
  0.29169500   0.27582700  -0.08202273  -0.30342500  -0.12813420   0.18383645   0.63870200   0.39818300   0.08038577   0.11869462   0.85591650   0.42864600   0.18211100  -0.00424291   0.69105300   0.29632532   0.46285200   0.10892390   0.31668325   0.15634430 
  0.29514520  -0.07749512  -0.13317452  -0.56560940   0.07153261   0.73371100   0.89570040   0.19398714   0.15000708   0.66522920   0.94870480   0.33866932   0.11599200   0.57853600   0.78928040   0.38599500   0.22604790   0.60492000   0.55094820   0.34878770 
  0.36217120  -0.00998378  -0.19592700  -0.49677900   0.09233128   0.85631500   0.83300440   0.01627872   0.20490860   0.76615020   0.84056140   0.19193018   0.15080500   0.72525920   0.57512500   0.18536446   0.23389680   0.80348520   0.34522400   0.26752183 
  0.25227850   0.22985825  -0.22688440  -0.56076930   0.23603425   0.80520700   0.87475925   0.45539525   0.38956975   1.31757000   1.89684750   0.89897075   0.30107575   1.21317500   1.87935500   0.92248400   0.19983525   1.27468750   1.88205500   1.22175000 
  0.57141520   0.30592130  -0.42691058  -0.84025060   0.30533900   0.89856460   1.28159400   0.48638120   0.27302780   1.41624520   1.81530600   0.23430060   0.16809546   1.41101800   1.74793400   0.30760800   0.01967516   1.35941780   1.78112400   0.83484360 
  0.38022560   0.09542990  -0.65668820  -0.88218020   0.29713580   0.98403420   1.92796400   1.07042420   0.27620900   1.21017280   1.77098600   1.24713600   0.16999994   1.05780500   1.78140800   1.27041400   0.06307316   1.26726000   1.98050800   1.55874600 
  0.47088780  -0.05948632  -0.75429220  -0.90049480   0.18593359   1.23238200   1.08762660   0.11767206   0.18439510   1.17644400   0.95678540   0.25073480   0.09014512   0.89342940   0.89141920   0.39198027   0.12928367   1.28125400   1.82234200   0.69864040 
  0.47739300   0.09596522  -0.73207050  -0.73489200   0.26461550   1.04613950   1.12006675   0.12880750   0.27397200   1.05814550   0.89697250   0.31296035   0.24146425   1.16202400   1.71912750   0.28062192   0.13631925   1.29779625   1.81135250   0.60087725 
  0.59326500   0.41496698   0.03964814  -0.40571268   0.27919840   1.33734600   1.89277800   0.20910540   0.24614180   1.37631600   1.84992400   0.54988740   0.21214480   1.22732200   1.90856400   0.64809740   0.13103466   1.26693600   1.95404200   1.13764200 
  0.58877800   0.58527960   0.27494512  -0.20631194   0.26728080   1.34519400   1.76244000   0.35063060   0.23554760   1.34312200   1.74790400   0.49198520   0.16844826   1.13189800   1.76524600   0.49417820   0.08797576   1.09756280   1.78290200   1.04989520 
  0.71062740  -0.07827764  -0.86943540  -0.90086020  -0.00745902   0.28823912   1.89659400   1.57028200   0.12213902   0.24439108   1.86635400   1.52374200   0.15676730  -0.03977772   1.77213400   1.32338580   0.46785340  -0.08557565   1.46294640   1.52339600 
  0.52133280  -0.04371121  -0.77947720  -0.73832960   0.10576494  -0.06548978   0.07114654  -0.02306012   0.14852260  -0.15420032   0.09291322  -0.01489524   0.19914520  -0.05561326   0.11237782  -0.00848082   0.23508884   0.64240440   1.27221320   0.05565461 
  0.64486100   0.69739800   0.35000680   0.15760300   0.02447529   1.34310200   0.81494868   0.30420465  -0.02119794   1.20246760   0.90742901   0.28787714   0.03811122   0.87358520   0.90321620   0.30450354   0.20226678  -0.04756376   0.25576120   0.18482580 
  0.64444500   0.62482875   0.23548475  -0.15159728   0.04937985   0.22425925   0.06079483   0.03642422   0.15112885   0.94520750   2.00086250   0.46476550   0.08170062   0.72200600   2.00146250   0.46062000   0.26695600  -0.04966350   0.22296600   0.14206813 
  0.49006000   0.07222573  -0.63613280  -0.74703700   0.12028092  -0.07323810   0.07790498   0.11257362   0.18294040   0.69311360   1.77331000   0.48142360   0.14615962   0.50432880   1.90902600   0.47649892   0.29500060  -0.14242233   0.11762112   0.08894590 
  0.43555700   0.00822806  -0.73441980  -0.24532080   0.15797590  -0.07034300   0.01507598  -0.02872361   0.18194740  -0.01720862   0.04094545  -0.03938362   0.12988328   0.45764540   1.42148400   0.10209432   0.28074400  -0.21936200   0.14062016  -0.06719300 
  0.26554940   0.01555562  -0.41012200  -0.40781788   0.13939512   0.01812392  -0.03755964   0.02614335   0.15426038   0.84740920   0.90141680   0.18725240   0.20506760   0.16626292   0.17771220  -0.04663210   0.41495340  -0.54813900   0.15902334  -0.10005940 
  0.17083560   0.09133644  -0.22947684   0.06245806   0.13325496   0.20414464  -0.02873526  -0.04602118   0.21934020   0.93970920   0.42423340   0.03913380   0.24678880   0.25143586   0.18477230  -0.04026258   0.42753600  -0.51034840   0.19655718  -0.07205297 
  0.20393840   0.22938724  -0.26425240  -0.05052884   0.09678064   0.75066320   0.63102920   0.32326972   0.22828500  -0.08010954   0.18356816  -0.01533853   0.29175800  -0.43665420   0.10872812  -0.00697700   0.40047300  -0.63851220   0.27953080  -0.06791316 
  0.32403400   0.17515580  -0.38040240  -0.44165220   0.06579758   0.80404880   0.87604580   0.37910260   0.18983764   0.10499922   0.13925366   0.00866384   0.28540000  -0.25618900   0.09857717   0.03303892   0.46832640  -0.49455700   0.22770768  -0.04524048 
  0.10371654   0.12985166  -0.19678544   0.23115530   0.19534510   1.03507020   0.57943240  -0.10031780   0.25128060   1.12848660   0.16505508  -0.04244860   0.28974320   1.22974480   1.78255800   0.35072400   0.11889124   1.47939000   1.74486400   0.49360000 
  0.55313520   0.49240934  -0.48500660  -0.90063640   0.15872860   0.25637778   1.15194320   0.90456160   0.30671240   1.27152600   1.76630000   1.02729820   0.22287620   1.26603000   1.77543000   0.95053400   0.06977962   1.41235000   1.72672800   1.24950200 
  0.76674060   0.24730880  -0.51380340  -0.63679440  -0.05774008   0.01341990   0.23219194  -0.10022960   0.20486640   0.95650140   0.15890200  -0.08983850   0.25272660   1.28653920   1.83539800   0.10550191  -0.00358996   1.47452400   1.61730600   0.20243380 
  0.33872040   0.19087598  -0.62642600  -0.76107580   0.07866541   1.07388440   1.68540600   0.50215920   0.11175234   1.14924000   1.92387800   0.69354380   0.02422022   0.72489360   1.95162200   0.36376940   0.11618728  -0.10836162   0.07814940   0.38558360 
