41
  0.07226780   0.17078070   0.31727702   0.22805644   0.06148764   0.12090414   0.03957411   0.06100016   0.07266142   0.13439253   0.16254022   0.27068144   0.08612371   0.21987125   0.17963160   0.14883729   0.10494436   0.23673719   0.26809870   0.13838445 
  0.06432721   0.15064448   0.14430005   0.20429084   0.04886401   0.18836421   0.06808178   0.05147587   0.20224806   0.12263765   0.28635705   0.13723571   0.11307777   0.24495938   0.13056739   0.04657394   0.10518073   0.11946171   0.29456581   0.16703802 
  0.07474042   0.21022587   0.38581424   0.27697183   0.08462154   0.12317658   0.18359769   0.00018312   0.10045400   0.20722183   0.19067750   0.30933392   0.10517831   0.19031742   0.22041711   0.25010967   0.11616595   0.22370903   0.25423276   0.17732070 
  0.02334321   0.06889116   0.19767456   0.06783601   0.12086349   0.26664231   0.04983857   0.07068368   0.12461410   0.36736530   0.00764918   0.43354515   0.13000671   0.38137218   0.07392089   0.32545924   0.21837922   0.39232002   0.08111808   0.34534680 
  0.03435314   0.09421625   0.23389858   0.20418567   0.07736555   0.10356006   0.13338649   0.08302179   0.00989198   0.08967693   0.08023706   0.17226152   0.00334185   0.11951790   0.06071013   0.04393843   0.03958839   0.11844905   0.10991084   0.03604640 
  0.15305885   0.18437907   0.37753176   0.16592479   0.05537856   0.28120690   0.20280870   0.24876239   0.09249095   0.27272050   0.07879249   0.24141986   0.03727111   0.36963009   0.31280843   0.24765685   0.16231011   0.43925786   0.03541752   0.12829866 
  0.14916311   0.10091539   0.19321649   0.04944658   0.06651528   0.33669862   0.09054088   0.05765705   0.05449719   0.27732394   0.13858932   0.01696635   0.02579826   0.33829006   0.51017121   0.19582433   0.11485910   0.22821364   0.01840573   0.10687712 
  0.09227628   0.17184654   0.25589585   0.18091015   0.10893394   0.19652382   0.07698526   0.04241711   0.10042658   0.20712684   0.04059628   0.07540879   0.08765967   0.34075673   0.18549123   0.06553205   0.18432369   0.25843258   0.26126121   0.11374798 
  0.04646050   0.07151516   0.04882965   0.00027204   0.02909428   0.17403913   0.21427453   0.09176477   0.01976555   0.16297713   0.15631560   0.15847420   0.02120594   0.13456639   0.03387623   0.06106058   0.04480368   0.16701969   0.03447045   0.09298076 
  0.06771922   0.12491776   0.27803218   0.14856988   0.07493212   0.15356942   0.06875483   0.03858055   0.05631266   0.20651997   0.05570661   0.06465306   0.16550219   0.29462895   0.08571836   0.30681461   0.14941335   0.26888724   0.35013111   0.23286921 
  0.10111329   0.09184171   0.24000728   0.00055017   0.06842455   0.07591250   0.07398631   0.03081851   0.04100962   0.14250916   0.13925362   0.07394444   0.07821857   0.22701777   0.14195591   0.25659567   0.06723610   0.16778542   0.55814007   0.18938775 
  0.11995249   0.05873505   0.10899872   0.07608314   0.03672963   0.23665644   0.06317749   0.04843012   0.01651116   0.26993393   0.09746488   0.02480664   0.08874412   0.26837067   0.17788506   0.10429208   0.15640198   0.23348847   0.11709844   0.01912005 
  0.18831180   0.13785487   0.16938878   0.07369036   0.09856660   0.25487727   0.06771342   0.49878243   0.07649702   0.19134888   0.09531091   0.32011538   0.11925981   0.19673427   0.14415065   0.28211102   0.16571585   0.37094966   0.05645962   0.28135361 
  0.08168783   0.16061372   0.05725293   0.16396794   0.03438997   0.14382503   0.08637699   0.06187941   0.01015711   0.22425825   0.10223990   0.02591889   0.06862008   0.29281142   0.16663307   0.06746319   0.18331404   0.24513485   0.07233769   0.00009608 
  0.02292186   0.13699826   0.23829912   0.07955723   0.01496264   0.06575338   0.09270952   0.05935198   0.02718579   0.17927738   0.06843359   0.03361558   0.00628128   0.19358443   0.06380370   0.02218573   0.01054369   0.13439402   0.08075565   0.00004873 
  0.09388486   0.06626941   0.17407239   0.36325067   0.04562577   0.16696565   0.09471194   0.08245393   0.03412849   0.27923739   0.12932567   0.04946643   0.00736725   0.30673849   0.13658146   0.05476008   0.02698081   0.28317106   0.08086245   0.00008761 
  0.11213332   0.10496936   0.09164587   0.13982209   0.03889662   0.11402555   0.12871580   0.00011033   0.02584945   0.05518079   0.07996501   0.03081350   0.01453702   0.08128241   0.16207197   0.06142302   0.00855590   0.09100080   0.09042775   0.16467375 
  0.05375269   0.09761998   0.19324516   0.07974719   0.10603730   0.09314381   0.04499899   0.07897797   0.08485797   0.09836406   0.10828856   0.13876131   0.06401733   0.11032923   0.08644133   0.16247895   0.06435339   0.15392620   0.06606386   0.12230020 
  0.12167938   0.27294529   0.23177255   0.22740156   0.06799367   0.22659176   0.13324433   0.33340916   0.16751185   0.20424772   0.21095278   0.25670052   0.13551295   0.16225272   0.19162313   0.16213116   0.16435644   0.15426477   0.19034322   0.26305452 
  0.10232005   0.14878124   0.10752708   0.28152422   0.05230353   0.07724457   0.18063600   0.18618383   0.06027652   0.08933188   0.08045479   0.17597935   0.02872988   0.06774100   0.09458851   0.14217432   0.04697092   0.14702769   0.12836875   0.24742395 
  0.07383926   0.06479427   0.19858008   0.34026893   0.05754315   0.16159445   0.04515375   0.23110582   0.01530413   0.26354554   0.10876336   0.29616703   0.00104345   0.23418147   0.11515125   0.09446376   0.02906937   0.22052374   0.15026878   0.13925302 
  0.09011393   0.20558176   0.34305546   0.04037194   0.06218000   0.19715664   0.19279102   0.41221420   0.06361670   0.27034800   0.12610196   0.19586848   0.09836650   0.25515979   0.13753307   0.17587719   0.19378458   0.23142949   0.12806541   0.15974240 
  0.05820473   0.13222377   0.33642674   0.04124242   0.06544567   0.33744793   0.16186587   0.18438260   0.10042528   0.22877665   0.11689633   0.09708920   0.12113172   0.27937942   0.17966525   0.09675840   0.16907176   0.12097171   0.03974508   0.08591305 
  0.05580110   0.08135184   0.20258237   0.00031763   0.15619406   0.14895217   0.48344743   0.27244261   0.12312093   0.10640579   0.40737197   0.35306312   0.12195055   0.14692932   0.48321675   0.36652114   0.13787969   0.22496155   0.14650128   0.33560001 
  0.03379029   0.04320180   0.19632421   0.21639571   0.10815251   0.12209082   0.37765422   0.29843954   0.11455586   0.13518199   0.33782581   0.44239067   0.08381992   0.17024765   0.28005959   0.30966534   0.19464195   0.23211316   0.15008498   0.35486848 
  0.02993750   0.19725459   0.21639067   0.31935272   0.06606840   0.10230155   0.13197345   0.17617678   0.05561344   0.14924222   0.13519527   0.14409760   0.07220156   0.16180534   0.09900229   0.18022732   0.17412894   0.20795741   0.06522609   0.05477525 
  0.14052124   0.09119535   0.15677523   0.30238103   0.06254431   0.24050841   0.11644380   0.26624976   0.06217694   0.26445129   0.10519071   0.21570118   0.07453212   0.34651318   0.15708885   0.22595289   0.10570025   0.25623667   0.25688618   0.05302848 
  0.05021418   0.02498014   0.05040729   0.00031072   0.07403242   0.21938170   0.14351631   0.42907025   0.05053879   0.23156676   0.10099050   0.33324631   0.14980113   0.39238718   0.14745093   0.23155614   0.11409016   0.24324211   0.35430452   0.28261489 
  0.04228119   0.08713768   0.17127565   0.13436116   0.02048684   0.11817467   0.10534719   0.08501767   0.01223028   0.26221023   0.12648036   0.04490472   0.04862811   0.23285185   0.20535421   0.07898555   0.10616890   0.18442969   0.50347694   0.07926103 
  0.06877852   0.09432680   0.08479439   0.32812314   0.10690684   0.22711362   0.95647600   0.36810712   0.18921873   0.38583760   0.95380082   0.37167922   0.18420785   0.41237350   0.76416306   0.46153948   0.10606411   0.25405343   0.08843480   0.20240504 
  0.13587039   0.05766131   0.40682534   0.14368133   0.05219443   0.10996044   0.13179345   0.07307982   0.06879191   0.11243434   0.00042359   0.27007261   0.08531713   0.15962892   0.00046435   0.22428420   0.14360785   0.05020261   0.08292829   0.16803505 
  0.07552295   0.21601478   0.25490305   0.14865826   0.07996636   0.14633514   0.06135299   0.13508250   0.07138552   0.23007943   0.24581563   0.43768326   0.08123637   0.18112890   0.08616571   0.36899174   0.09548176   0.11643095   0.03480630   0.15033531 
  0.04229733   0.12396437   0.23311127   0.30877992   0.05776680   0.09650994   0.06448482   0.06670294   0.05425034   0.09443759   0.05939539   0.05980917   0.04855635   0.21762141   0.24443040   0.07287337   0.11649669   0.09124445   0.10832996   0.06443618 
  0.06255340   0.03826586   0.06446589   0.42385733   0.06740368   0.13282363   0.05103400   0.07932790   0.06022141   0.12115484   0.23637797   0.05795537   0.02403382   0.23234767   0.07140019   0.05900125   0.12206570   0.17366873   0.06106275   0.00006087 
  0.04290998   0.09860428   0.14702862   0.18501222   0.03615994   0.22407351   0.04772690   0.07663270   0.03786201   0.17320759   0.22905147   0.19610772   0.03513817   0.23490781   0.15286320   0.06188811   0.12081455   0.16417161   0.11312632   0.04431357 
  0.03402944   0.14258612   0.13640021   0.18307938   0.08277637   0.26991509   0.27597480   0.19774586   0.02180677   0.18124753   0.17589798   0.08683232   0.01140533   0.24224556   0.20547392   0.09532566   0.13016277   0.23709894   0.08434299   0.07209223 
  0.03558378   0.03519179   0.16871414   0.11171641   0.07516376   0.23423557   0.30339983   0.18303520   0.05389588   0.11684881   0.14301933   0.08792675   0.03019199   0.16551527   0.16896909   0.01826603   0.06690197   0.14363033   0.11914893   0.11842375 
  0.07915717   0.06586138   0.09189681   0.22517554   0.08214584   0.18159752   0.37264697   0.00013080   0.05144671   0.16401610   0.16153787   0.12925458   0.02133219   0.24559045   0.27520407   0.12475078   0.03734758   0.08677038   0.04690831   0.08005163 
  0.17507565   0.33526347   0.16405307   0.00035962   0.06713573   0.19411075   0.20646284   0.23046003   0.05616105   0.17216752   0.19291107   0.11000575   0.04443197   0.10100566   0.06580510   0.05398962   0.06150366   0.03378134   0.07161774   0.08718664 
  0.03379803   0.21897485   0.38112759   0.25313843   0.15961260   0.12150493   0.12274287   0.00011820   0.11622294   0.23121136   0.20980436   0.02337849   0.06057972   0.29732351   0.12607028   0.17145619   0.17355569   0.18801557   0.24458877   0.18228621 
  0.01856450   0.10367075   0.19160322   0.24266105   0.15410221   0.18195875   0.21414447   0.14063635   0.14904130   0.06215700   0.06473274   0.18210498   0.13569820   0.10966923   0.08413160   0.18514188   0.10918003   0.14595705   0.14146528   0.14978118 
