38
39.192101 104.429147 -2.033453
36.421953 92.180127 0.546700
30.159324 74.243510 2.801958
18.100627 44.887219 6.897799
15.961499 123.394423 3.964695
15.499124 110.035265 6.476348
11.981687 86.451547 8.149988
5.932528 49.104572 10.799075
-3.941518 132.348650 12.379480
-5.235635 116.501685 12.870813
-7.450632 93.352939 12.057870
-8.132061 52.892534 10.546260
-36.582895 120.304656 8.224348
-33.697743 107.801725 8.022377
-30.998570 87.409452 6.975843
-25.396301 50.819127 5.287074
-58.849440 61.888756 -28.381611
-52.332489 50.043772 -24.625069
-36.348787 27.672983 -17.367232
-9.725750 3.872063 -7.160463
17.932946 38.572012 3.261789
6.554444 42.595278 6.321046
-5.557733 45.020683 6.947707
-23.937065 45.628978 3.481595
-28.596685 41.230974 1.305222
-0.000000 0.000000 0.000000
10.008304 1.013743 0.437151
-7.310592 3.092801 -0.048997
25.232214 60.866773 0.065531
7.662613 66.684124 5.105919
-7.453397 68.133719 6.364518
-24.193977 64.373857 0.365076
-62.866888 67.173809 -30.286713
-29.198235 25.353636 -9.294903
-9.739752 -4.058230 0.000000
6.493168 -4.058230 0.000000
-4.058230 -48.698760 0.000000
4.058230 -48.698760 0.000000
